5290970043652017|10|2026|856
5379861007217208|04|2027|185
5161010000883770|05|27|253
4297690128166123|12|2024|750
5460084200027023|06|2025|244
5154620020728307|05|2030|649
4758330006181066|03|2026|347
5443824012956196|02|2027|120
4189143171158770|04|2027|701
5122301351609817|11|2028|933
4217470059638466|03|2028|468
4217470173544376|03|2029|493
5584900002446593|01|2029|308
5234416832809490|01|2028|400
5234654915150008|04|2028|049
5288890029922628|10|2027|622
5154620020657175|05|2027|724
4350291687590003|09|2026|072
5154620061818108|08|2028|287
4050371114456565|05|2029|939
4610460319235909|08|2029|783
5454348799616423|03|2027|466
5399767150116129|06|27|933
4389554095208079|07|28|107
5396890004609884|12|27|326
5218760012044018|09|2025|001
5581585921829004|01|27|927
5155294396903750|03|27|531
4658580193835020|07|29|894
5599940435497857|03|28|775
5257010016667303|11|2025|011
4758330006181066|03|2026|347
4217470173544376|03|2029|493
4785540048867764|02|2025|464
5584900007077344|11|2027|737
4350291687590003|09|2026|072
5234656587020930|04|2029|100
5584900000358758|01|2028|998
4564755405247379|09|2025|835
4758330012813918|11|2026|590
4758330012813918|11|2026|590
5239141727377107|04|2030|998
5206022850736435|09|2027|209
5290970011069509|10|2027|136
5313894047610016|10|2032|436
5100218001451851|08|2026|768
4031630711661974|10|2029|380
5122301367085663|03|2026|551
5178006971270147|03|2026|188
5160700163540131|06|2027|168
5218071123462630|10|2025|884
5126462069181311|06|2025|154
5154620027673084|03|2026|929
5424181603782470|07|2027|290
5209327118121529|01|2029|394
4402930046283119|04|2029|705
5163610214588541|06|2026|501
6011003101484671|10|2026|990
5340168789663203|09|2028|128
5154620016076869|10|2030|553
5154620016735522|10|2030|959
5371762650681468|11|2026|305
4697540088448340|10|2027|177
5313894047610016|10|2032|436
4031630711661974|10|2029|380
5100218001451851|08|2026|768
5122301367085663|03|2026|551
